AL 819 808 797 87 89 90 808 88.66666667
AK 53 56 59 6.4 6.8 7.1 56 6.766666667
AZ 276 304 332 120 130 130 304 126.6666667
AR 299 317 335 53 54 55 317 54
CA 3208 3336 3464 590 610 630 3336 610
CO 445 508 526 65 67 69 493 67
CT 886 883 880 73 74 75 883 74
DC 117 116 115 9.1 9 9 116 9.033333333
DE 208 210 212 17 17 18 210 17.33333333
FL 2393 2336 2279 500 510 520 2336 510
GA 1072 1055 1038 130 130 140 1055 133.3333333
HI 198 197 196 26 26 27 197 26.33333333
ID 137 133 129 23 23 24 133 23.33333333
IL 1497 1531 1565 210 220 220 1531 216.6666667
IN 957 935 913 110 110 110 935 110
IA 606 602 598 63 63 64 602 63.33333333
KS 437 420 403 51 51 52 420 51.33333333
KY 643 664 685 68 69 70 664 69
LA 656 657 658 82 84 85 657 83.66666667
ME 173 180 187 26 26 27 180 26.33333333
MD 1080 1061 1042 99 100 100 1061 99.66666667
MA 1588 1569 1550 120 120 120 1569 120
MI 1353 1326 1299 180 180 180 1326 180
MN 753 767 781 89 91 92 767 90.66666667
MS 522 529 536 51 52 53 529 52
MO 759 801 843 110 110 110 801 110
MT 161 150 139 19 19 20 150 19.33333333
NE 294 302 310 33 33 33 302 33
NV 196 177 158 39 41 43 177 41
NH 225 225 225 22 23 24 225 23
NJ 1971 1929 1887 170 170 170 1929 170
NM 207 192 177 36 37 38 192 37
NY 3758 4178 4598 380 390 390 4178 386.6666667
NC 1076 1094 1112 160 160 160 1094 160
ND 192 179 166 14 14 14 179 14
OH 2398 2320 2242 210 210 210 2320 210
OK 474 457 440 60 62 63 457 61.66666667
OR 228 225 222 60 62 63 225 61.66666667
PA 3182 3209 3236 270 270 270 3209 270
RI 414 415 416 22 23 23 415 22.66666667
SC 578 561 544 81 84 86 561 83.66666667
SD 155 156 157 16 17 17 156 16.66666667
TN 1003 971 939 110 110 110 971 110
TX 2063 2278 2493 340 350 360 2278 350
UT 142 147 152 29 30 30 147 29.66666667
VT 94 96 98 12 12 12 96 12
VA 906 866 826 130 140 140 866 136.6666667
WA 445 453 461 100 100 110 453 103.3333333
WV 342 368 394 36 37 37 368 36.66666667
WI 725 706 687 110 110 110 706 110
WY 79 75 71 8.8 9.1 9.4 75 9.1
