AL 819 87 808 89 797 90
AK 53 6.4 56 6.8 59 7.1
AZ 276 120 304 130 332 130
AR 299 53 317 54 335 55
CA 3208 590 3336 610 3464 630
CO 445 65 508 67 526 69
CT 886 73 883 74 880 75
DC 117 9.1 116 9 115 9
DE 208 17 210 17 212 18
FL 2393 500 2336 510 2279 520
GA 1072 130 1055 130 1038 140
HI 198 26 197 26 196 27
ID 137 23 133 23 129 24
IL 1497 210 1531 220 1565 220
IN 957 110 935 110 913 110
IA 606 63 602 63 598 64
KS 437 51 420 51 403 52
KY 643 68 664 69 685 70
LA 656 82 657 84 658 85
ME 173 26 180 26 187 27
MD 1080 99 1061 100 1042 100
MA 1588 120 1569 120 1550 120
MI 1353 180 1326 180 1299 180
MN 753 89 767 91 781 92
MS 522 51 529 52 536 53
MO 759 110 801 110 843 110
MT 161 19 150 19 139 20
NE 294 33 302 33 310 33
NV 196 39 177 41 158 43
NH 225 22 225 23 225 24
NJ 1971 170 1929 170 1887 170
NM 207 36 192 37 177 38
NY 3758 380 4178 390 4598 390
NC 1076 160 1094 160 1112 160
ND 192 14 179 14 166 14
OH 2398 210 2320 210 2242 210
OK 474 60 457 62 440 63
OR 228 60 225 62 222 63
PA 3182 270 3209 270 3236 270
RI 414 22 415 23 416 23
SC 578 81 561 84 544 86
SD 155 16 156 17 157 17
TN 1003 110 971 110 939 110
TX 2063 340 2278 350 2493 360
UT 142 29 147 30 152 30
VT 94 12 96 12 98 12
VA 906 130 866 140 826 140
WA 445 100 453 100 461 110
WV 342 36 368 37 394 37
WI 725 110 706 110 687 110
WY 79 8.8 75 9.1 71 9.4
